
-371.203, -2.31439, 11413000.0, 80.4137, 7501171, -292.792, -1.36468, 
-635.392, -4.41908, 11699000.0, 91.5531, 
-538.717, -2.6803, 13141100.0, 102.393, 7732099, -453.763, -2.12086, 
-526.45, -3.11233, 14126800.0, 97.4627, 
-606.77, -3.06548, 11501700.0, 86.7712, 7335113, -391.422, -1.84536, 
-479.928, -4.02674, 11831900.0, 87.7066, 7493752, -425.079, -1.9311, 
-438.446, -2.26728, 9613120.0, 73.5956, 7578990, -276.174, -1.43637, 
-477.168, -2.45991, 8364510.0, 59.2281, 7433928, -367.467, -1.93819, 
-566.678, -3.47337, 8121300.0, 55.9358, 
-551.849, -5.06312, 8512060.0, 54.7484, 
-665.034, -4.1261, 7918110.0, 55.0259, 
-561.621, -3.97045, 6908950.0, 47.0687, 
-716.758, -3.29676, 6286810.0, 41.9081, 7582749, -1688.02, -5.59144, 
-808.721, -3.781, 6641260.0, 43.4989, 
-887.449, -4.25514, 6339930.0, 40.8159, 7529036, -1407.62, -5.2165, 
